eval_loss = 0.0625811225025137
mcc = 0.9712902410982562
